target 2.000 15.000
start 56.000 15.000
hard 30.000 15.000 9.000
pillar 5.436 0.883 0.695
pillar 4.632 8.115 0.610
pillar 4.520 19.788 0.521
pillar 4.690 25.758 0.748
pillar 10.796 1.114 0.688
pillar 13.433 8.247 0.619
pillar 13.524 12.549 0.758
pillar 11.327 18.862 0.535
pillar 11.387 27.012 0.554
pillar 18.261 2.445 0.612
pillar 18.153 6.601 0.518
pillar 17.059 14.577 0.628
pillar 17.405 20.274 0.636
pillar 17.359 26.942 0.710
pillar 23.181 2.238 0.658
pillar 25.200 8.734 0.586
pillar 25.537 12.778 0.625
pillar 24.823 18.886 0.647
pillar 22.525 26.538 0.729
pillar 30.234 3.202 0.594
pillar 30.625 8.302 0.674
pillar 29.860 15.088 0.783
pillar 29.917 20.525 0.518
pillar 30.645 26.471 0.798
pillar 37.030 1.311 0.616
pillar 36.540 6.472 0.639
pillar 34.938 12.775 0.518
pillar 36.858 18.814 0.574
pillar 35.651 27.189 0.524
pillar 41.837 2.158 0.765
pillar 43.022 9.165 0.584
pillar 41.729 13.548 0.765
pillar 43.465 18.883 0.553
pillar 41.142 25.147 0.645
pillar 48.285 1.241 0.501
pillar 47.741 7.582 0.670
pillar 49.450 14.610 0.655
pillar 48.376 20.564 0.516
pillar 49.279 26.896 0.762
pillar 54.953 1.656 0.620
pillar 52.731 8.430 0.519
pillar 52.919 19.488 0.516
pillar 52.401 24.884 0.530
marker 4.000 14.000
marker 10.000 8.000
marker 10.000 14.000
marker 16.000 2.000
marker 16.000 8.000
marker 22.000 8.000
marker 22.000 14.000
marker 22.000 20.000
marker 28.000 2.000
marker 28.000 8.000
marker 28.000 20.000
marker 28.000 26.000
marker 34.000 2.000
marker 34.000 8.000
marker 34.000 20.000
marker 34.000 26.000
marker 40.000 8.000
marker 40.000 20.000
marker 46.000 2.000
marker 46.000 14.000
marker 46.000 20.000
marker 46.000 26.000
marker 52.000 2.000
marker 52.000 14.000
marker 58.000 2.000
marker 58.000 8.000
marker 58.000 14.000
marker 58.000 20.000
marker 58.000 26.000
