target 6.000 24.000
start 72.000 24.000
hard 39.000 24.000 12.000
building 6.734 12.561 7.469 3.913 15.691
building 15.534 11.935 7.082 4.456 16.865
building 22.358 12.988 5.677 4.494 12.088
building 29.326 10.441 5.677 3.882 11.831
building 36.245 11.588 7.030 3.637 15.282
building 43.949 10.113 5.220 3.181 15.418
building 50.833 9.989 6.758 4.554 16.071
building 59.299 9.925 8.300 3.688 17.662
building 66.910 9.129 5.576 4.345 16.565
building 73.617 10.586 6.913 3.656 11.879
building 5.783 35.313 5.565 3.398 14.281
building 13.549 37.103 7.630 4.046 17.491
building 20.873 37.791 5.802 4.480 13.388
building 27.297 38.495 5.310 4.303 11.831
building 33.880 37.756 5.951 3.383 17.264
building 41.478 38.084 6.947 4.673 14.492
building 48.373 35.200 5.722 3.644 13.287
building 55.997 38.018 8.494 4.128 15.786
building 64.541 37.959 6.504 4.387 12.058
building 73.347 35.309 8.829 4.343 14.766
pillar 6.734 12.561 3.734
pillar 15.534 11.935 3.541
pillar 22.358 12.988 2.839
pillar 29.326 10.441 2.838
pillar 36.245 11.588 3.515
pillar 43.949 10.113 2.610
pillar 50.833 9.989 3.379
pillar 59.299 9.925 4.150
pillar 66.910 9.129 2.788
pillar 73.617 10.586 3.456
pillar 5.783 35.313 2.783
pillar 13.549 37.103 3.815
pillar 20.873 37.791 2.901
pillar 27.297 38.495 2.655
pillar 33.880 37.756 2.975
pillar 41.478 38.084 3.473
pillar 48.373 35.200 2.861
pillar 55.997 38.018 4.247
pillar 64.541 37.959 3.252
pillar 73.347 35.309 4.415
pillar 40.870 22.359 2.853
pillar 48.251 17.230 1.037
pillar 42.015 31.647 1.466
pillar 56.410 21.744 0.504
pillar 27.786 23.433 1.164
pillar 12.397 27.918 1.206
pillar 27.567 16.184 0.502
pillar 13.858 19.893 0.775
pillar 30.836 33.272 0.789
pillar 61.728 31.406 1.208
pillar 64.143 19.371 0.606
pillar 20.382 28.988 1.415
pillar 52.331 26.931 0.739
pillar 20.461 18.370 0.558
pillar 56.790 15.565 0.498
pillar 33.316 18.349 0.622
pillar 34.665 28.305 0.472
amarker 0 4.000 19.000
amarker 1 4.000 24.000
amarker 2 4.000 29.000
amarker 3 8.000 19.000
amarker 4 8.000 24.000
amarker 5 8.000 29.000
amarker 6 12.000 24.000
amarker 7 16.000 19.000
amarker 8 16.000 24.000
amarker 9 16.000 29.000
amarker 10 20.000 24.000
amarker 11 24.000 19.000
amarker 12 24.000 24.000
amarker 13 24.000 29.000
amarker 14 24.000 34.000
amarker 15 28.000 19.000
amarker 16 28.000 29.000
amarker 17 28.000 34.000
amarker 18 32.000 24.000
amarker 19 32.000 29.000
amarker 20 36.000 19.000
amarker 21 36.000 24.000
amarker 22 40.000 29.000
amarker 23 44.000 19.000
amarker 24 44.000 29.000
amarker 25 48.000 14.000
amarker 26 48.000 24.000
amarker 27 48.000 29.000
amarker 28 52.000 19.000
amarker 29 52.000 24.000
amarker 30 56.000 19.000
amarker 31 56.000 24.000
amarker 32 56.000 29.000
amarker 33 60.000 19.000
amarker 34 60.000 24.000
amarker 35 60.000 29.000
amarker 36 64.000 14.000
amarker 37 64.000 24.000
amarker 38 64.000 29.000
amarker 39 68.000 14.000
amarker 40 68.000 19.000
amarker 41 68.000 24.000
amarker 42 68.000 29.000
amarker 43 72.000 19.000
amarker 44 72.000 24.000
amarker 45 72.000 29.000
