target 6.000 22.000
start 64.000 22.000
hard 35.000 22.000 10.000
building 5.598 4.228 4.908 4.783 15.456
building 6.353 35.679 4.586 4.434 27.961
building 21.892 3.838 4.761 4.709 27.917
building 21.995 19.990 4.840 4.999 15.553
building 21.818 36.512 4.677 4.878 16.906
building 37.703 4.551 4.821 4.983 12.453
building 37.911 20.097 5.079 4.646 20.549
building 37.428 36.112 4.915 5.081 21.349
building 53.776 3.450 4.711 4.648 26.412
building 54.121 20.010 4.988 5.174 16.963
building 54.572 35.826 4.654 5.195 13.722
pillar 5.598 4.228 2.454
pillar 6.353 35.679 2.293
pillar 21.892 3.838 2.381
pillar 21.995 19.990 2.499
pillar 21.818 36.512 2.439
pillar 37.703 4.551 2.491
pillar 37.911 20.097 2.540
pillar 37.428 36.112 2.541
pillar 53.776 3.450 2.356
pillar 54.121 20.010 2.587
pillar 54.572 35.826 2.597
amarker 0 6.000 20.000
amarker 1 6.000 24.000
amarker 2 6.000 28.000
amarker 3 6.000 32.000
amarker 4 6.000 40.000
amarker 5 10.000 8.000
amarker 6 10.000 20.000
amarker 7 10.000 24.000
amarker 8 10.000 40.000
amarker 9 14.000 16.000
amarker 10 14.000 24.000
amarker 11 18.000 16.000
amarker 12 18.000 20.000
amarker 13 18.000 24.000
amarker 14 18.000 28.000
amarker 15 18.000 32.000
amarker 16 22.000 16.000
amarker 17 22.000 24.000
amarker 18 22.000 32.000
amarker 19 26.000 4.000
amarker 20 26.000 8.000
amarker 21 26.000 12.000
amarker 22 26.000 24.000
amarker 23 26.000 32.000
amarker 24 26.000 40.000
amarker 25 30.000 24.000
amarker 26 30.000 40.000
amarker 27 34.000 24.000
amarker 28 38.000 24.000
amarker 29 42.000 8.000
amarker 30 42.000 12.000
amarker 31 42.000 16.000
amarker 32 42.000 20.000
amarker 33 42.000 24.000
amarker 34 42.000 28.000
amarker 35 42.000 32.000
amarker 36 42.000 36.000
amarker 37 42.000 40.000
amarker 38 42.000 44.000
amarker 39 46.000 8.000
amarker 40 46.000 24.000
amarker 41 46.000 32.000
amarker 42 50.000 20.000
amarker 43 50.000 24.000
amarker 44 50.000 28.000
amarker 45 50.000 32.000
amarker 46 50.000 36.000
amarker 47 58.000 4.000
