target 6.000 26.000
start 68.000 26.000
hard 37.000 26.000 11.000
building 6.218 3.510 4.818 5.042 29.353
building 6.018 11.157 4.569 4.728 8.539
building 5.746 45.833 4.905 5.027 25.002
building 13.167 4.088 4.234 4.727 9.066
building 13.476 38.662 4.919 4.899 24.171
building 13.499 46.150 4.483 4.917 10.406
building 19.403 11.178 4.288 4.850 21.458
building 20.037 38.969 4.777 4.744 9.471
building 26.410 3.733 4.763 4.254 28.064
building 26.882 10.780 4.394 5.167 8.233
building 27.560 45.759 4.205 4.467 24.243
building 33.433 4.110 4.645 4.533 11.778
building 34.185 39.089 4.286 4.850 16.592
building 33.572 45.452 4.933 5.141 10.971
building 41.534 10.599 4.433 4.519 17.225
building 40.831 38.403 4.940 4.531 11.248
building 47.699 4.209 4.258 5.020 28.833
building 48.536 11.400 4.780 4.660 10.680
building 47.975 45.591 4.352 4.335 26.382
building 55.417 4.086 4.980 4.279 10.591
building 55.411 39.113 4.851 4.808 25.381
building 54.475 46.348 4.814 4.424 10.485
building 61.996 10.919 4.843 4.562 18.305
building 61.570 38.515 4.700 4.262 9.137
building 68.448 3.730 5.028 4.241 23.974
building 69.356 10.708 4.547 4.836 11.276
building 69.430 45.703 4.857 4.989 29.400
pillar 6.218 3.510 2.521
pillar 6.018 11.157 2.364
pillar 5.746 45.833 2.513
pillar 13.167 4.088 2.363
pillar 13.476 38.662 2.459
pillar 13.499 46.150 2.459
pillar 19.403 11.178 2.425
pillar 20.037 38.969 2.388
pillar 26.410 3.733 2.382
pillar 26.882 10.780 2.583
pillar 27.560 45.759 2.234
pillar 33.433 4.110 2.322
pillar 34.185 39.089 2.425
pillar 33.572 45.452 2.571
pillar 41.534 10.599 2.260
pillar 40.831 38.403 2.470
pillar 47.699 4.209 2.510
pillar 48.536 11.400 2.390
pillar 47.975 45.591 2.176
pillar 55.417 4.086 2.490
pillar 55.411 39.113 2.426
pillar 54.475 46.348 2.407
pillar 61.996 10.919 2.421
pillar 61.570 38.515 2.350
pillar 68.448 3.730 2.514
pillar 69.356 10.708 2.418
pillar 69.430 45.703 2.494
pillar 51.772 29.703 0.655
pillar 37.368 20.441 1.549
pillar 18.712 28.406 0.631
pillar 30.710 27.102 1.094
pillar 53.240 21.268 0.561
pillar 15.624 21.227 0.535
pillar 42.481 27.921 0.775
pillar 61.591 27.524 0.507
pillar 23.996 20.828 0.622
amarker 0 4.000 18.000
amarker 1 4.000 22.000
amarker 2 4.000 26.000
amarker 3 4.000 30.000
amarker 4 4.000 34.000
amarker 5 8.000 18.000
amarker 6 8.000 22.000
amarker 7 8.000 26.000
amarker 8 8.000 30.000
amarker 9 8.000 34.000
amarker 10 12.000 18.000
amarker 11 12.000 22.000
amarker 12 12.000 26.000
amarker 13 12.000 30.000
amarker 14 12.000 34.000
amarker 15 16.000 18.000
amarker 16 16.000 26.000
amarker 17 16.000 30.000
amarker 18 16.000 34.000
amarker 19 20.000 18.000
amarker 20 20.000 22.000
amarker 21 20.000 26.000
amarker 22 20.000 34.000
amarker 23 24.000 18.000
amarker 24 24.000 26.000
amarker 25 24.000 30.000
amarker 26 24.000 34.000
amarker 27 28.000 18.000
amarker 28 28.000 22.000
amarker 29 28.000 26.000
amarker 30 28.000 30.000
amarker 31 28.000 34.000
amarker 32 32.000 18.000
amarker 33 32.000 22.000
amarker 34 32.000 30.000
amarker 35 32.000 34.000
amarker 36 36.000 26.000
amarker 37 36.000 30.000
amarker 38 36.000 34.000
amarker 39 40.000 18.000
amarker 40 40.000 26.000
amarker 41 40.000 30.000
amarker 42 40.000 34.000
amarker 43 44.000 18.000
amarker 44 44.000 22.000
amarker 45 44.000 26.000
amarker 46 44.000 30.000
amarker 47 44.000 34.000
amarker 48 48.000 18.000
amarker 49 48.000 22.000
amarker 50 48.000 26.000
amarker 51 48.000 30.000
amarker 52 48.000 34.000
amarker 53 52.000 18.000
amarker 54 52.000 26.000
amarker 55 52.000 34.000
amarker 56 56.000 18.000
amarker 57 56.000 22.000
amarker 58 56.000 26.000
amarker 59 56.000 30.000
amarker 60 56.000 34.000
amarker 61 60.000 18.000
amarker 62 60.000 22.000
amarker 63 60.000 26.000
amarker 64 60.000 30.000
amarker 65 60.000 34.000
amarker 66 64.000 18.000
amarker 67 64.000 22.000
amarker 68 64.000 26.000
amarker 69 64.000 30.000
amarker 70 64.000 34.000
amarker 71 68.000 18.000
amarker 72 68.000 22.000
amarker 73 68.000 26.000
amarker 74 68.000 30.000
amarker 75 68.000 34.000
